$ANSIBLE_VAULT;1.1;AES256
63393661386663343762653339366562323162323033336332663137313131633136663337313132
6134323339633837343934333938363164633064363765640a386433663362353934636361363837
33323139366163373633373665656365306266363231663866653663376136393830393034356530
6438383539386464650a613163616330336561366265643930353764356661303663313033383039
38343833646664626462373538353761303835323937323739383434646264373564333964303664
30396562353037666663393861633039636634303137626639326132663235353038623964363636
30363863313433313761313263313639626230373664383937313135376433383761666165353032
64323331353764623437363034626637363738386363626162653437313339333662666433343263
32623135323030653166303436643830626136376461646638353734376361396136373530336536
31633831393338626264333466666635623237623366346266343661656331633737626466373265
34653535326534616230323565363834343562653966353264613662313431396664393263653232
39316432636364376634306566646137666234613864313035663239383364646434373662346165
66383961653636303236653164323738303432323032393630393937336561303537313366373236
31313030393537363065653435306463383162353339316463626537353966333362346464353463
64363531623832363334306463643832306230656436343365653463306635313636373230373932
33646363643130363035393261316137323466333335343465346539643966336461653265336236
31316130643631656563393435353362326666653337636536343463323937646239353739643664
61653039653565643334353437353733613466343032646461343730396630313366643133643036
35313537613261363933343833336137646134633363643636323865656630663866393937643463
33396132623632306337333031396430323039643661613039643764356461393136363735303038
31363163623231383864366364306535343966343439623037383562316236346339363234343036
33303732613232326535366634666435663439626635633032386661393935373030376362656439
34323861373637313061346339396362623563343364366436333333636436663238383734333265
30353133643031343237656334393136623662646164376666313837336338623462393465373739
34306530376363646363323665653033656636333635343238316536396364383533623262623031
32663161633733386565353039323162616364653363313961646539363766656164303033336439
64396136306163373436333735383637313164323937343964343730323162626431303763613062
32373864623366666534633634666666653435626563626238336331653764653137666438616261
31323239313337623063393938643931653432323939643364636262633536343337393232373235
32356330336336653735656166633164613363333534616166613831663738663866613437653435
37333237326665353962636134383163616135313333333431303333373765373534343835303530
61306432303039643634303534346439333265393939653865386363656633636637333164666461
30313436666262353730353034613539653930646333373835646635383961636364316333653364
64643733643563633430333233316530633733386238636164336161623231356434383362623465
35313533313830666663373764373864373835326636656533663032633030636137633265663265
65636638353635623237343837306132636139646239623035316166633264643632393133323133
35396436613538653066313936386266306266386464643564303262633838363336636235653635
39353236623132643138323765356539393862323237393239393436336239626230336336383433
37316163386430636666306639383964316662393330333936323939313732633439366462336231
31633134383664623438376433376130336265613339663835643663333263306130366566616366
64313131393535653563303464653538613063303362333536356332356232396334646562333164
64646432393965306462623461393363663131386462663430386266306238613361343139653266
66343239326533663531643936343665386436633537313965376435666336646333376538333030
63393462316330356637323436343232323837346564306464613264373038623535363339646663
65663439666332613562393835336535346461633932303862316636323534376430626634666132
61656462643937633933356537326165666361383865386136373938646562623031626430663465
32343733333061313366343066363665646236616335343365376561643737303238666135643032
32616463343939333462653165383264656634363330313336346139353362323734666336383463
33353334396335383939366362303662313534306238663762653665396438623333663538326130
35656361356433383136393736336165376330643834326636653064323861646333653864363064
62656138323436646266313938303736303436643136316532656362363731333662623931393939
64636564356631373737333739613534313062626239626432643931376538386335633763636461
38363136356462353035636463653461376537323265303335353864333931306563343434383861
36623765333733376131383733306632626538633835653232613366313231643961396165626236
34656538306539363738316431666531323537336465646437366434353338383038653563386137
35653036386466326532643030343635376262643730323936626438346363653334663566313530
66336236353834333932393934653865636233373434383562346665323930326264356337653234
30623739643863653463356165643362623533626561386564366338333532353837356335656639
39646134643532333732653263366636396664646131373435396638363834383439373362333232
37313737313264393937373865323263363562663932623238356162313438396235303834626530
61653537343866633965656264316234313735353061386661623761653839663733363436666537
31653430393135383261316437656336643865613436363930663938306166326137623837626264
62636632336234323464613733353139663032303839623236363765643063623064366664386137
33396537393764306161343133333935316132373534323261313332613536353631383733613666
33393835383632366139333063346633343464646632666533336131313139383938666438373435
30373361346536343737616361633966376333393135656462353434616535633334306563343762
39363365616430666231396563373434346161666531646565343765623166303535613763363530
35373033643933376231313732393430373536353164333236363533653234386132323561663034
64653935353463643030633364383063636434663362653235303136326561313536663436313866
33313535393234636338356463353231323735623331393662656666333838336561653466626633
61396231666437626666336464343332666161613134393766646663323261356339353765363437
62323766386562346539663932636331363531333235633936323262663338653961333138346535
33613065373933366337383762386331626338666163353062663532376137313136363138303238
37613930376330383038393961616634393331646263636432396633346461353765636135313538
30373631613539636165653233623230613161333630663733376666323639643432303861316639
30663639626562336336626233386365306233393733643237363536616234343939396564316539
66303630643231643339376433373464343464653734363337376538616335306132343534643662
31373536613937666634623135653831306237376461353931356332396663656265613532303133
35343437343663366262323066366261366135373036356538633835343932356234643933643334
37386563623930653032356335653162336662326564663866666130656663633265353430613137
39636163643339626163613963333835623134346436313462626539353838383135353436313264
32366635616430356537323535653635363965373064343139356635393230386133653232383736
65323861363061626138383432353038633966313737386237666636386364666237383366333065
66363065623132623863333365363930653361326131326462663863623365613666666434646365
36316666373533633066636436336637336364393064383739623631623133323336353037313530
64363937366465613061376335313438363662663861616435316163646635376333313034333063
39613730623132633436373530303930373136643864666431323864306133313735386662653538
37373563396637343833
